3
1
5
3
0
0
5
0
2
0
40
4
0
1
0
0
7
0
0
1
0
1
3
1
23
0
0
10
122
0
1
22
0
0
0
1
0
47
2
5
2
28
2
2
16
3
9
0
1
0
76
1
1
0
0
29
70
1
0
2
59
3
1
0
0
0
1
0
4
4
3
116
21
0
69
14
4
9
7
0
0
1
1
40
0
0
9
0
895
1
1
0
0
4
1
5
0
6
2
79
2
1
7
0
2
10
6
0
0
1
0
2
122
2
2
1
0
2
2
0
0
3
1
1
0
0
0
3
0
0
0
2
2
0
0
3
0
0
0
0
3
0
1
0
0
1
1
23
0
1
0
0
23
0
9
0
44
4
28
31
1
15
4
2
1
1
0
8
0
0
0
0
1
0
0
0
3
9
81
2
7
1
0
1
68
0
15
0
1
73
20
1
0
11
0
0
10
2
0
0
1
0
1
1
0
53
0
0
2
105
4
7
8
0
3
0
1
0
0
4
0
42
2
70
0
5
1
0
0
4
38
4
0
12
12
56
44
0
2
100
0
14
26
0
48
1
0
15
17
2
0
0
15
0
2
4
2
1
2
4
5
0
0
5
0
77
0
1
23
53
0
0
37
0
1
10
0
4
0
4
1
2
4
0
3
8
0
1
0
41
5
119
1
0
0
0
6
56
1
0
1
20
0
1
4
0
0
1
0
2
0
0
2
2
3
3
0
2
2
0
0
0
1
9
4
0
1
0
2
1
2
2
2
4
9
0
28
1
8
1
3
11
1
0
1
0
7
2
0
1
4
4
4
0
7
0
0
2
3
0
1
68
1
1
3
0
1
15
3
0
1
5
25
0
0
2
2
0
5
0
0
3
4
25
1
2
2
0
13
1
32
0
7
0
0
1
14
7
0
0
2
0
0
12
0
1
1
0
1
5
46
0
0
1
1
6
3
7
1
0
25
8
0
0
1
92
0
0
5
0
8
0
0
1
0
0
52
34
0
1
5
5
60
1
5
21
0
0
2
2
327
50
37
35
0
52
0
2
0
0
0
4
7
0
0
0
6
1
6
6
