check_spelling
2.5
2.1739130434782608
2.964393400413321
2.3685386563384476
5.032822757111598
5.429864253393665
4.05982905982906
1.691275167785235
2.2415940224159403
0.9230769230769231
4.320987654320987
1.9060585432266848
3.7708830548926016
3.464203233256351
3.870967741935484
4.631886884446612
2.518028135713441
5.019059720457434
3.2165508909694958
1.411326113971241
1.5854877874589344
3.757828810020877
2.4083890297303525
1.9997468674851284
1.8720962011478546
3.5989717223650386
4.176334106728539
2.051545069880754
2.5816249050873195
1.8656716417910448
2.3608378659877327
4.545454545454546
2.404438964241677
1.62109375
2.2431259044862517
2.3599470666078517
3.8135593220338984
4.05982905982906
2.5
2.8259921500218055
3.672787979966611
3.5714285714285716
3.4403669724770642
2.818489289740699
5.676855895196507
3.8597028641445856
1.8867924528301887
0.0
2.778128551584796
4.57516339869281
2.617726561388533
2.026431718061674
3.9660056657223794
2.4202062860391456
1.2405237767057202
1.8181818181818181
4.956629491945477
3.104125736738703
7.218683651804671
2.0372481946028125
2.2569444444444446
2.293577981651376
3.2341330094139082
2.393617021276596
2.62693030941934
11.11111111111111
4.25531914893617
2.6041666666666665
3.125
2.249082007343941
3.4432940043342164
1.74864505573167
5.181347150259067
0.9086444007858546
4.669260700389105
2.224620237403503
1.8796992481203008
2.1997206703910615
3.1026252983293556
3.5714285714285716
1.949025487256372
7.142857142857143
4.504504504504505
6.091954022988506
3.146792189679219
3.127443315089914
2.65684598184927
2.9490616621983916
1.696103167928231
2.4103961433661705
2.27697337692667
2.7790643816581753
2.4152345564328845
2.109704641350211
2.393617021276596
3.289473684210526
1.9193857965451055
4.2471042471042475
3.127986792944652
0.0
25.0
3.1599736668861094
1.8404907975460123
9.090909090909092
4.950980392156863
3.6319612590799033
4.30672268907563
1.6319869441044472
2.897923875432526
2.33160621761658
2.3010018716283165
2.7615334632878494
3.615167216203486
1.9218449711723253
0.0
2.31023102310231
3.9130434782608696
0.6627218934911243
4.983388704318937
2.6265621690319847
2.713864306784661
4.377104377104377
0.8460236886632826
1.5444015444015444
5.747126436781609
21.73913043478261
0.0
2.002730996813837
1.721664275466284
5.047318611987381
1.9605410100508749
4.509415262636273
2.6334519572953736
1.5982055236225992
1.5409570154095702
3.865979381443299
4.295302013422819
1.751927119831815
2.3087293562521065
4.301075268817204
4.761904761904762
2.7667070987119504
3.3333333333333335
2.6505111700113595
3.660220994475138
1.6808346213292118
2.935420743639922
3.6669970267591676
1.5447154471544715
4.75
1.5037593984962405
4.487179487179487
2.440469138727639
2.684563758389262
1.2915129151291513
2.247191011235955
