check_spelling
3.401360544217687
3.977272727272727
2.5930851063829787
0.7905138339920948
1.371571072319202
2.891566265060241
2.824858757062147
4.285714285714286
0.8042895442359249
4.424778761061947
1.0409889394925178
2.2411953041622197
3.3846153846153846
3.359173126614987
2.2715800100959114
0.8361204013377926
2.96220633299285
1.566951566951567
2.2172949002217295
4.200700116686114
4.829545454545454
3.125
2.5
1.3605442176870748
2.1674140508221225
3.9215686274509802
2.0172910662824206
2.3904382470119523
6.8035426731078905
1.6091954022988506
3.3557046979865772
1.4442518775274409
3.9130434782608696
2.5401069518716577
2.2357723577235773
1.5679442508710801
1.243781094527363
2.4868651488616464
1.3605442176870748
1.2605042016806722
5.6
4.155614500442087
1.9002375296912113
1.6971279373368147
0.7255936675461742
1.1299435028248588
0.322234156820623
1.7001545595054095
1.8258426966292134
2.3255813953488373
2.490272373540856
2.339622641509434
4.595185995623632
0.9478672985781991
4.098360655737705
1.3392857142857142
4.088586030664395
3.0390738060781475
2.8225806451612905
1.5408320493066257
16.29090909090909
1.1743450767841013
0.7159904534606205
0.7722007722007722
3.7688442211055277
3.469640644361834
1.941747572815534
5.417607223476298
1.8581081081081081
5.0
3.314917127071823
0.898325847284606
4.1478129713423835
0.9615384615384616
1.3128402177393532
2.355460385438972
2.448453608247423
3.4166241713411525
3.9042821158690177
1.2461059190031152
7.6923076923076925
2.4295432458697763
2.0
2.33983286908078
3.125
2.479338842975207
2.6604068857589986
4.854368932038835
3.0760301799187464
1.917808219178082
1.365546218487395
6.134969325153374
2.2715800100959114
0.49504950495049505
4.094488188976378
4.40251572327044
0.8486562942008486
1.6313213703099512
1.2135922330097086
2.468212415856395
7.352941176470588
5.517241379310345
0.7604562737642585
0.819672131147541
3.009259259259259
4.409363091997823
0.9965337954939342
1.9033674963396778
3.6036036036036037
4.205607476635514
2.288329519450801
5.566218809980806
1.4357883541611274
3.0837004405286343
4.415011037527594
3.2697547683923704
4.477611940298507
3.252032520325203
1.2727272727272727
6.081081081081081
2.3255813953488373
3.0127462340672073
5.05050505050505
2.4390243902439024
3.5267349260523324
3.7037037037037037
5.161290322580645
2.0
4.054054054054054
1.13314447592068
2.2715800100959114
1.2012012012012012
0.9153318077803204
2.150537634408602
4.150453955901427
5.647058823529412
1.9607843137254901
5.077262693156733
1.1787819253438114
3.6184210526315788
0.7655502392344498
3.5714285714285716
4.719387755102041
2.190923317683881
3.864734299516908
4.123711340206185
0.8576329331046312
3.1684698608964452
2.300405953991881
5.194805194805195
3.4965034965034967
4.4534412955465585
1.947502116850127
2.928870292887029
0.9582863585118376
4.424778761061947
3.2467532467532467
3.51288056206089
3.89768574908648
2.519893899204244
1.7467248908296944
5.640243902439025
2.092050209205021
5.065666041275797
2.0
1.9005847953216375
3.330557868442964
2.5641025641025643
1.7341040462427746
4.504504504504505
1.5384615384615385
3.5714285714285716
1.3722126929674099
7.6923076923076925
3.6363636363636362
3.642384105960265
1.4705882352941178
2.9166666666666665
3.4761519805982215
5.536332179930795
4.333333333333333
3.2467532467532467
4.150453955901427
3.7109375
1.2919896640826873
7.228915662650603
3.0066815144766146
3.611111111111111
3.21285140562249
3.4246575342465753
5.813953488372093
2.65017667844523
4.0358744394618835
1.1456628477905073
1.3969732246798603
3.1446540880503147
1.3164556962025316
5.613305613305613
4.744525547445256
2.842377260981912
2.2193211488250655
3.064066852367688
2.4615384615384617
4.081632653061225
1.7391304347826086
2.2078621432417878
4.201680672268908
2.5806451612903225
3.409090909090909
2.596239928379588
0.5952380952380952
2.742409402546523
1.4492753623188406
1.9047619047619047
3.6184210526315788
3.7868162692847123
5.949008498583569
2.5449101796407185
0.9861932938856016
3.2293377120963327
2.5839793281653747
2.6355803345159656
3.4285714285714284
3.1779661016949152
4.196816208393632
1.0
3.8929440389294405
6.7085953878406706
2.3255813953488373
3.1862745098039214
5.305305305305305
3.005259203606311
3.4482758620689653
4.739336492890995
1.8656716417910448
2.4517475221700575
1.7566974088713219
2.972972972972973
1.2591815320041972
4.821235102925244
5.013927576601671
2.3550724637681157
5.538461538461538
3.316749585406302
2.9411764705882355
3.361344537815126
0.7434944237918215
1.5527950310559007
2.204928664072633
5.190311418685121
2.4774774774774775
2.2004889975550124
1.4265335235378032
1.951219512195122
2.314814814814815
3.586497890295359
0.5484460694698354
2.978723404255319
1.0050251256281406
3.1481481481481484
4.289544235924933
3.8461538461538463
7.6923076923076925
5.925925925925926
1.4749262536873156
2.36382322713258
2.3195876288659796
3.8202247191011236
3.185924869234427
3.532608695652174
2.1416803953871497
1.1152416356877324
3.3480176211453743
0.7692307692307693
2.985074626865672
1.8083182640144666
2.9017857142857144
8.527131782945736
1.6346153846153846
3.2017075773746
2.6217228464419478
3.97196261682243
3.5
3.0927835051546393
3.4482758620689653
3.341288782816229
2.9411764705882355
1.9280205655526992
4.705882352941177
1.1457921770051362
3.605769230769231
6.710213776722091
6.557377049180328
2.092050209205021
0.9240246406570842
2.34375
0.31645569620253167
3.663101604278075
2.5157232704402515
1.3496932515337423
2.7950310559006213
1.0554089709762533
4.098360655737705
2.9957203994293864
1.5197568389057752
3.125
2.7918781725888326
1.7361111111111112
1.1374407582938388
3.536345776031434
4.712041884816754
3.115264797507788
3.6569148936170213
2.5719534598897735
2.1759697256385997
4.40771349862259
0.8361204013377926
4.166666666666667
1.6544117647058822
2.046783625730994
3.580562659846547
1.1764705882352942
3.2534246575342465
3.2142857142857144
2.356020942408377
4.119850187265918
1.6975308641975309
4.060324825986079
0.9129967776584318
2.7950310559006213
2.246376811594203
2.0253164556962027
2.570694087403599
3.4031413612565444
1.6229712858926342
3.4869240348692405
4.583835946924005
0.8025682182985554
4.054054054054054
2.9702970297029703
1.5873015873015872
1.6326530612244898
2.691511387163561
5.47945205479452
4.15335463258786
3.6184210526315788
4.580152671755725
1.12
2.5830258302583027
1.3969732246798603
12.280701754385966
1.3737565135007106
1.5718562874251496
1.6793893129770991
4.866180048661801
5.633802816901408
3.658536585365854
4.329896907216495
3.323262839879154
4.590163934426229
3.5842293906810037
1.2903225806451613
0.5617977528089888
2.4813895781637716
0.9090909090909091
1.5151515151515151
2.4574669187145557
2.9921259842519685
5.288461538461538
1.3201320132013201
3.292181069958848
1.9900497512437811
1.4917127071823204
2.845528455284553
4.545454545454546
4.05727923627685
3.27455919395466
0.60790273556231
1.4367816091954022
1.243781094527363
3.6
3.1397174254317113
0.7416563658838071
1.8007202881152462
2.0446096654275094
2.3076923076923075
2.6785714285714284
3.7974683544303796
6.229508196721311
1.436265709156194
3.9398280802292263
3.466666666666667
4.419889502762431
1.243781094527363
1.8099547511312217
3.215434083601286
2.260869565217391
1.4056881333769207
4.310344827586207
4.310344827586207
2.0725388601036268
2.7237354085603114
1.9704433497536946
3.103448275862069
3.2392026578073088
2.8735632183908044
4.189944134078212
0.823045267489712
1.1124845488257107
5.473277527366387
1.5167930660888407
2.3195876288659796
2.857142857142857
4.0625
4.242424242424242
6.347150259067358
1.4685314685314685
1.5437392795883362
3.007518796992481
4.310344827586207
0.9032258064516129
1.0115606936416186
4.7368421052631575
3.004291845493562
2.2135416666666665
5.131218174696436
1.893939393939394
2.106430155210643
2.0035356511490865
0.7434944237918215
4.30939226519337
0.6024096385542169
2.4761904761904763
2.247191011235955
2.190923317683881
3.272727272727273
6.056018168054504
4.08505875769446
1.243781094527363
4.186489058039962
4.18848167539267
3.0555555555555554
5.45790934320074
1.0767160161507403
3.767123287671233
2.0408163265306123
1.25
2.857142857142857
0.45248868778280543
2.2457067371202113
8.923375363724539
3.7630104083266613
3.607843137254902
2.337472607742878
6.25
1.1060156460749933
2.2715800100959114
4.2105263157894735
2.192448233861145
3.2064128256513027
4.201680672268908
3.1481481481481484
3.902439024390244
2.1201413427561837
7.563025210084033
2.6200873362445414
3.34855403348554
2.3121387283236996
2.7210884353741496
3.0694668820678515
