check_spelling
64.50068399452805
63.09987029831388
63.37625178826895
61.613691931540345
64.02640264026402
59.05172413793103
64.14944356120827
61.65413533834587
66.38728323699422
66.85552407932012
69.73684210526316
62.0414673046252
62.52847380410023
59.858442871587464
61.242440901594286
66.73493270918667
64.75409836065573
57.016434892541085
62.42158092848181
58.25082508250825
59.752747252747255
66.76646706586827
65.8703071672355
64.26512968299711
66.18214179768614
64.16
69.0671031096563
60.824742268041234
61.750599520383695
58.2441113490364
65.25911708253359
65.66773348850742
62.33766233766234
69.36936936936937
65.38461538461539
68.99383983572895
71.66666666666667
64.28571428571429
56.72913117546848
64.28571428571429
64.25561797752809
69.1919191919192
59.508041627246925
61.60337552742616
64.0
66.11940298507463
65.72222222222223
65.92629984856133
53.69458128078818
67.22408026755853
66.82408500590319
64.1304347826087
61.11825192802056
60.96219931271477
57.74378585086042
58.38709677419355
59.87283645354998
66.66666666666667
61.895241903238706
63.19845857418112
65.56603773584905
65.4485049833887
61.16504854368932
65.89147286821705
66.00660066006601
61.26609442060086
63.700070077084796
65.21048451151708
59.09090909090909
62.781586679725756
69.150521609538
64.60481099656357
64.95327102803738
68.83561643835617
63.061564059900164
61.42857142857143
63.924050632911396
61.95652173913044
61.93390452876377
61.84738955823293
63.1578947368421
66.75531914893617
59.37829293993678
65.625
66.66666666666667
68.2514527205494
62.637362637362635
67.16867469879519
62.415515721422274
66.75531914893617
60.18099547511312
62.825278810408925
57.94392523364486
66.85082872928177
64.54891994917408
60.806270996640535
62.264150943396224
64.33470507544581
66.18257261410788
64.1955835962145
62.697784810126585
58.50540806293019
57.93194874060981
60.59050064184852
60.854092526690394
64.13373860182371
59.02777777777778
66.34146341463415
63.13065976714101
62.40506329113924
63.46801346801347
68.04407713498622
63.04347826086956
61.29032258064516
62.913907284768214
67.41433021806854
60.698689956331876
61.42857142857143
63.059701492537314
64.25146510388919
54.76190476190476
61.37309292649098
64.42382057231245
54.20991926182238
64.79152878888154
57.85123966942149
62.096774193548384
67.003367003367
64.51612903225806
55.462624150548876
63.59447004608295
69.73684210526316
65.07115135834411
63.36154776299879
61.462093862815884
65.9151905528717
55.503669112741825
62.365591397849464
64.3908969210174
64.07857811038353
62.88175411119812
61.40684410646388
58.9853826311264
70.64846416382252
64.34955312810328
63.49557522123894
63.78992628992629
63.237349734414316
54.263565891472865
61.904761904761905
62.34375
70.88948787061994
60.70901033973412
63.58173076923077
59.09090909090909
61.73120728929385
64.37308868501529
61.31907308377897
62.25728155339806
63.89556853315012
60.999532928538066
65.41244573082489
63.28358208955224
67.38148984198645
60.472972972972975
65.45189504373178
63.91509433962264
60.33402922755741
61.6822429906542
62.112112112112115
63.08724832214765
59.681372549019606
62.54545454545455
67.93002915451895
61.42506142506142
57.548240635641314
65.51939924906132
66.40159045725646
58.661417322834644
60.119555935098205
62.547425474254744
54.38871473354232
66.375
63.60078277886497
68.70026525198939
62.24237427864798
46.231454005934715
63.00692383778437
68.46652267818574
63.095238095238095
65.64039408866995
57.592592592592595
65.09240246406571
63.75617792421746
63.07692307692308
69.6590909090909
66.66666666666667
62.70627062706271
64.62093862815884
63.50298028427327
61.15560640732266
60.36988110964333
64.09448818897638
65.84197924980047
61.576354679802954
61.54838709677419
60.11509517485613
65.82278481012658
62.70373921380633
61.96236559139785
51.5527950310559
62.1317157712305
69.15789473684211
62.1031746031746
58.333333333333336
64.4702842377261
66.25850340136054
60.47678795483061
60.17738359201774
65.8273381294964
60.67383918459796
62.60075228371843
62.11453744493392
63.03142329020333
66.88206785137318
68.75
62.72189349112426
56.355932203389834
62.05250596658711
69.8529411764706
65.14476614699332
61.85925282363162
63.311688311688314
61.050328227571114
65.42338709677419
65.3061224489796
58.06805708013172
62.64501160092807
62.8755364806867
63.85696040868455
64.03622250970245
59.63455149501661
60.9347442680776
66.66666666666667
61.63934426229508
64.07643312101911
65.61181434599156
61.730013106159895
63.17689530685921
64.9390243902439
63.350125944584384
64.5316253002402
61.36363636363637
63.848295059151006
62.94285714285714
61.875
68.22429906542057
62.17948717948718
66.80672268907563
55.79710144927536
62.636789994788955
66.11424541607899
60.0990099009901
60.945454545454545
61.86868686868687
65.37769784172662
63.50644823980481
61.527377521613836
64.08934707903781
60.73752711496746
62.45161290322581
65.49497847919656
58.13953488372093
65.234375
65.42027194066749
62.077922077922075
64.28571428571429
62.119366626065776
65.8498023715415
60.53511705685619
62.28813559322034
62.916666666666664
67.39864864864865
69.05109489051095
63.612099644128115
61.37479541734861
66.28440366972477
60.61185468451243
64.99575191163976
51.851851851851855
61.947904869762176
66.47619047619048
61.875
58.25242718446602
65.40378863409771
63.18347509113001
64.18864908073542
63.392857142857146
58.60655737704918
58.795180722891565
65.91276252019387
64.33878157503715
64.28571428571429
62.264150943396224
67.3036093418259
62.073027090694936
65.0
65.97325408618127
63.876221498371336
62.82991202346041
64.51612903225806
64.63022508038586
62.33148295003965
66.90391459074733
59.34065934065934
64.52905811623246
73.17518248175182
63.68821292775665
66.77115987460814
60.07067137809187
61.912225705329156
64.22287390029325
55.69620253164557
62.70627062706271
56.62921348314607
66.08910891089108
66.66666666666667
64.14565826330532
64.36597110754414
66.7783361250698
67.72793053545585
58.71559633027523
62.967289719626166
67.81170483460559
63.2044713553796
62.637362637362635
64.87341772151899
62.264150943396224
67.40947075208913
68.15789473684211
67.5632911392405
68.44741235392321
64.67391304347827
66.43109540636043
65.08620689655173
64.6076794657763
62.98342541436464
67.84359498103298
59.729729729729726
66.54545454545455
60.9450337512054
60.92896174863388
56.006493506493506
61.77606177606177
63.87096774193548
62.77173913043478
66.78082191780823
64.72081218274111
62.89198606271777
66.15831517792301
64.5748987854251
65.91276252019387
64.93506493506493
61.05200945626478
60.43507817811013
68.85964912280701
62.325581395348834
69.4267515923567
62.66548984995587
62.57545271629779
64.0
60.96866096866097
64.48019801980197
67.45283018867924
60.50420168067227
46.75675675675676
63.59375
69.31216931216932
59.60526315789474
61.23348017621145
66.38054363376251
57.23542116630669
63.73456790123457
66.12903225806451
65.50910316925152
60.645161290322584
65.1685393258427
61.666666666666664
65.60846560846561
69.34306569343066
68.03675048355899
65.86715867158672
61.76046176046176
59.514435695538054
66.9034090909091
55.73770491803279
64.99102333931778
59.379042690815005
67.44680851063829
62.205424633170296
63.9766081871345
60.87591240875913
63.139329805996475
68.72509960159363
65.1639344262295
62.71186440677966
68.0
63.7037037037037
60.076530612244895
66.47493837304847
63.64653243847875
64.41018766756032
60.6985146527499
59.63687150837989
63.428235984737306
66.73228346456693
62.23316912972086
61.72265904217298
61.702127659574465
62.38095238095238
63.53944562899787
58.75
59.897172236503856
63.47107438016529
59.874608150470216
71.869918699187
66.94560669456067
61.40350877192982
58.13953488372093
63.645418326693225
67.44186046511628
64.45993031358886
62.002567394094996
62.64501160092807
65.1032942490229
62.51851851851852
59.427609427609426
65.57203389830508
58.285714285714285
67.32954545454545
63.90658174097665
67.35849056603773
65.1006711409396
64.7450110864745
62.046908315565034
67.84810126582279
63.10679611650485
60.16427104722793
66.41791044776119
63.397947548460664
67.8391959798995
58.35843373493976
62.485207100591715
64.86161251504211
62.34413965087282
68.75
61.15702479338843
61.80371352785146
64.74701768819416
68.2
63.4232121922626
68.80208333333333
64.70588235294117
62.0
62.4031007751938
64.17910447761194
63.90041493775934
60.76555023923445
67.36111111111111
56.629834254143645
61.41439205955335
55.69007263922518
57.16374269005848
66.22162883845127
63.35740072202166
58.58369098712446
63.55421686746988
60.563380281690144
61.78861788617886
65.03496503496504
67.8311499272198
64.1304347826087
60.356347438752785
67.15328467153284
66.6044776119403
63.84615384615385
61.228813559322035
67.54143646408839
62.99212598425197
58.80597014925373
63.58974358974359
65.09803921568627
60.746003552397866
63.8
58.161083392729864
59.64391691394659
65.35580524344569
67.15125270646459
70.61994609164421
61.808510638297875
65.03496503496504
61.65158371040724
55.61261922230374
62.81645569620253
61.28654970760234
63.2952691680261
60.24941543257989
62.93807009121459
55.99647266313933
66.56891495601172
64.16549789621318
61.702127659574465
68.4400360685302
64.45182724252491
59.66386554621849
70.53140096618357
65.80717488789237
67.78115501519757
54.80928689883914
62.44925575101489
60.869565217391305
65.72361262241567
61.95286195286195
66.10978520286396
61.347517730496456
60.57692307692308
61.5819209039548
61.52310325156874
65.10721247563353
64.0542577241899
65.0
62.5
68.0327868852459
63.67989056087551
62.309368191721134
55.65878378378378
61.75213675213675
63.355048859934854
60.13986013986014
61.43250688705234
66.43258426966293
61.935483870967744
59.34219734079776
65.1073197578426
64.47368421052632
57.88079470198676
69.61722488038278
64.52991452991454
56.13668061366806
63.67239101717305
61.67192429022082
59.602649006622514
64.46173800259403
68.24034334763948
64.06685236768803
65.0
62.77372262773723
64.13612565445027
56.766917293233085
61.458333333333336
69.72361809045226
64.68085106382979
58.984375
60.38812785388128
69.17922948073702
55.71095571095571
58.756137479541735
62.92397660818713
63.411458333333336
61.048689138576776
63.9470782800441
58.95800106326422
71.42857142857143
61.31147540983606
66.5903890160183
65.77896138482024
63.28534031413613
68.38905775075987
61.31386861313869
64.66321243523316
63.25581395348837
61.875
59.49177877428998
64.00911161731207
60.995850622406635
65.14195583596215
60.1123595505618
65.8498023715415
58.157554885923375
54.58715596330275
59.727385377943
62.65223274695534
69.04231625835189
60.3860294117647
70.083523158694
68.0
66.72535211267606
60.53042121684867
63.432073544433095
61.21951219512195
63.11336717428088
63.326653306613224
54.225352112676056
66.26984126984127
65.1685393258427
57.655502392344495
62.3342175066313
60.91476091476091
61.76470588235294
64.3312101910828
65.55183946488295
61.47826086956522
64.52442159383034
70.65217391304348
64.90020646937371
63.50515463917526
68.97613548883757
66.34382566585957
62.709030100334445
60.79234972677595
61.93961573650503
61.67953667953668
64.91803278688525
61.12994350282486
62.90050590219224
61.70454545454545
63.097949886104786
64.92082825822168
63.93958464443046
64.0
61.904761904761905
60.60606060606061
55.74866310160428
54.54545454545455
68.24034334763948
64.23841059602648
63.983050847457626
68.68512110726644
60.3411513859275
61.54970760233918
62.300683371298405
64.84560570071258
58.63453815261044
62.42424242424242
63.89728096676737
67.6674364896074
62.82420749279539
57.421875
68.00804828973843
68.30790568654646
68.46950517836594
64.53387376954257
61.66294642857143
67.18422156945027
60.69620253164557
59.91769547325103
58.92116182572614
63.30349877949553
65.72361262241567
68.75
62.618595825426944
62.950819672131146
61.67664670658683
64.21768707482993
60.84656084656085
63.1184407796102
58.72420262664165
59.017781541066896
58.37479270315091
63.66770079283006
63.03116147308782
65.60364464692483
59.42857142857143
63.57738646895273
62.20657276995305
58.25159914712154
68.78172588832487
64.87158243579121
63.78378378378378
57.69968051118211
64.82352941176471
57.88849347568209
64.03162055335969
59.479553903345725
59.252422704199354
64.00336417157276
58.02968960863698
63.898916967509024
61.27922971114168
58.93805309734513
61.6751269035533
65.99732262382865
61.94125159642401
53.71655104063429
67.36111111111111
65.32905296950241
68.05797101449275
65.4320987654321
64.6689497716895
57.71543086172345
51.67785234899329
58.961802154750245
61.295180722891565
69.29824561403508
61.72839506172839
63.92988929889299
65.35433070866142
63.50828729281768
66.4748637189582
60.02785515320334
65.76793452094367
63.85507246376812
61.899897854954034
62.04986149584487
65.11111111111111
67.74193548387096
63.94927536231884
65.22753792298717
59.22818791946309
65.95744680851064
61.712846347607055
63.36996336996337
65.65656565656566
62.876254180602004
62.469733656174334
56.96808510638298
63.027075011096315
59.80392156862745
60.321100917431195
64.77272727272727
62.211221122112214
66.66666666666667
62.82420749279539
60.75471698113208
70.90216010165184
59.602649006622514
57.36677115987461
60.43593130779392
66.1641541038526
62.45772266065389
57.417974322396574
63.67816091954023
67.80842679599878
65.43026706231454
63.69747899159664
64.40397350993378
60.324825986078885
63.04347826086956
60.324825986078885
60.61381074168798
61.99893105291288
62.36786469344609
62.46246246246246
64.70588235294117
65.77540106951872
59.96074582924436
60.13215859030837
63.76612681855614
64.58036984352773
59.6
64.56876456876456
62.34567901234568
63.60189573459716
60.72026800670017
56.25
56.67166416791604
65.33055700156169
61.73131504257332
62.43781094527363
66.51003844510893
66.08695652173913
68.01640184520758
61.236802413273004
63.91437308868502
54.17607223476298
54.995655951346656
58.01526717557252
61.50870406189555
64.90812092471843
58.3177570093458
61.786786786786784
59.36902485659656
62.46786632390746
64.17710196779964
61.21212121212121
58.948486457780135
61.28691983122363
59.411764705882355
63.82113821138211
65.57632398753894
62.295081967213115
55.14686424980153
59.37829293993678
60.22727272727273
62.422360248447205
52.50352609308886
62.48904469763365
64.10614525139665
58.789625360230545
66.27450980392157
64.84641638225256
61.93895870736086
67.50663129973475
63.9367816091954
64.28571428571429
60.23038946791004
66.20689655172414
65.0319829424307
59.383033419023135
62.86196232780433
63.81660470879802
62.31511254019293
66.73728813559322
67.30615507593924
62.07233626588465
63.68821292775665
67.23507917174177
69.37716262975779
63.88317564788153
60.8817747823645
62.704309063893014
66.1592505854801
66.90647482014388
47.45762711864407
56.33802816901409
59.07258064516129
64.5933014354067
63.29824561403509
58.0722891566265
63.17829457364341
62.637362637362635
59.85401459854015
60.526315789473685
60.13824884792627
65.26946107784431
59.09090909090909
66.11226611226611
64.17721518987342
67.27688787185355
60.60606060606061
64.03712296983758
66.94214876033058
63.70716510903427
64.20612813370474
68.22222222222223
64.5879732739421
60.84243369734789
63.63636363636363
62.52285191956124
62.637362637362635
60.633484162895925
59.59079283887468
58.91089108910891
67.62295081967213
60.89385474860335
61.750245821042284
62.45954692556634
69.01669758812616
71.73913043478261
59.749552772808585
61.49162861491629
64.26966292134831
61.43617021276596
53.665689149560116
59.09090909090909
68.10089020771514
63.333333333333336
70.79482439926063
62.7906976744186
59.01639344262295
65.55944055944056
65.6910569105691
63.61731843575419
60.638297872340424
65.01182033096927
58.752997601918466
60.43478260869565
60.16260162601626
65.72361262241567
66.90777576853526
63.30117160578911
63.95348837209303
56.36363636363637
61.02783725910064
64.84375
65.5076495132128
62.04330175913397
64.1732283464567
63.47798542920494
66.5903890160183
55.06478209658422
63.81418092909536
61.674259681093396
61.61290322580645
62.926829268292686
64.49438202247191
60.40816326530612
62.43386243386244
62.26912928759894
64.79820627802691
63.29588014981273
60.54347826086956
66.11570247933884
61.70454545454545
60.38159371492705
63.62545018007203
61.386138613861384
60.6313834726091
62.07865168539326
61.63934426229508
58.51648351648352
58.93817204301075
61.41108711303096
63.264627659574465
64.08514492753623
62.40266963292547
64.01273885350318
64.99118165784833
61.05702364394993
64.61538461538461
59.01060070671378
61.43724696356275
57.79670037253858
65.33490011750881
73.15789473684211
66.01941747572816
61.72043010752688
59.05797101449275
62.850467289719624
67.16937354988399
63.40057636887608
66.89847009735745
62.09740769835035
61.958642216152946
59.95475113122172
64.28571428571429
54.72061657032755
62.17765042979943
59.849849849849846
54.54545454545455
66.66666666666667
61.92384769539078
65.45741324921136
62.44274809160305
65.79406631762653
60.58519793459553
66.04938271604938
63.265306122448976
65.23809523809524
61.23348017621145
58.93648449039882
60.62176165803109
68.85245901639344
55.51020408163265
64.43850267379679
57.99011532125206
58.62559241706161
62.119366626065776
63.35453100158983
62.86057692307692
61.224489795918366
66.30434782608695
64.7244094488189
70.50359712230215
63.213448006254886
60.57142857142857
64.53488372093024
63.513513513513516
64.68646864686468
56.37982195845697
65.79770594369134
68.92361111111111
62.4384236453202
62.30141691713182
58.45410628019324
67.31115107913669
62.7831715210356
65.05016722408027
63.113897596656216
61.84262554369316
75.0
62.052163943823444
59.610027855153206
66.20450606585788
61.53846153846154
64.01088223863195
61.76470588235294
63.24152542372882
60.55437100213219
61.03896103896104
66.44144144144144
60.294117647058826
60.26143790849673
63.29824561403509
64.87603305785125
63.95582329317269
57.67326732673267
65.57377049180327
68.29268292682927
65.32951289398281
69.76516634050881
65.04065040650407
57.79334500875657
61.0
61.610968294772924
55.6420233463035
59.85804416403786
61.84062850729517
63.61631753031973
63.02895322939867
60.9375
67.06349206349206
63.07053941908714
55.82627118644068
61.7737003058104
63.87625113739763
64.60859977949283
62.05882352941177
64.51292246520875
63.74269005847953
62.581932174408664
59.33852140077821
63.97984886649874
62.34887737478411
61.18210862619808
62.45059288537549
58.22959889349931
59.784946236559136
64.34426229508196
68.77076411960132
62.998790810157196
64.33566433566433
69.23076923076923
61.82756079587325
63.0550621669627
65.66265060240964
56.537753222836095
60.950080515297905
64.57461645746164
59.80099502487562
62.57633032858389
59.37829293993678
63.66492146596859
61.74603174603175
60.17764618800888
64.77146042363434
60.28833551769332
66.3003663003663
62.1160409556314
65.22842639593908
62.57142857142857
65.04065040650407
63.34033613445378
68.62582781456953
60.39525691699605
63.231197771587745
65.49165120593692
66.43835616438356
66.04215456674473
65.09732910819375
61.427635887360836
63.39920948616601
61.42857142857143
57.48898678414097
63.12684365781711
61.43790849673203
65.67164179104478
58.734939759036145
60.33966033966034
59.768637532133674
65.3061224489796
62.10526315789474
64.80589402096912
64.16464891041163
66.18141097424412
65.57177615571776
59.11214953271028
56.111111111111114
62.735849056603776
64.36363636363636
66.38176638176638
65.69965870307168
60.54703688354745
66.51408450704226
64.89533011272141
63.681592039801
53.220338983050844
64.33423913043478
63.21138211382114
65.05494505494505
62.06896551724138
61.42857142857143
61.30790190735695
54.82980680772769
60.0
70.47619047619048
63.8801261829653
69.63562753036437
62.47191011235955
53.74402549123739
57.87234042553192
60.80375782881002
62.17765042979943
64.11786646773592
65.67164179104478
57.36434108527132
62.674094707520894
65.10695187165776
65.75091575091575
60.75
68.96551724137932
62.5
61.04477611940298
61.2691466083151
67.73049645390071
62.0979020979021
64.37718277066357
63.4185303514377
55.42168674698795
71.22302158273381
59.84015984015984
58.71446229913474
60.94190637337845
62.17391304347826
68.70026525198939
63.051925114800426
63.67713004484305
64.36285097192224
63.07692307692308
62.834317471344214
59.91561181434599
57.00389105058366
60.643185298621745
57.28643216080402
61.82432432432432
69.43866943866944
66.58195679796697
70.25920873124147
58.048780487804876
65.59139784946237
63.36405529953917
76.58227848101266
54.26136363636363
64.75770925110132
64.11214953271028
62.33031674208145
67.9245283018868
64.43569553805774
66.66666666666667
62.44897959183673
57.39247311827957
60.431654676258994
65.54621848739495
67.51484308736217
64.61095100864553
61.92933703850734
62.06896551724138
64.55445544554455
67.907995618839
66.283084004603
61.09154929577465
63.6094674556213
64.58852867830424
62.2746185852982
67.17948717948718
61.62544169611307
59.97130559540889
67.05882352941177
72.51908396946565
71.06918238993711
68.99879372738239
63.08186195826645
64.52353616532722
56.34517766497462
65.30214424951266
64.37768240343348
66.57223796033995
73.6916548797737
60.91655858192823
65.34653465346534
59.639830508474574
61.082910321489
61.89582355701548
65.11627906976744
58.490566037735846
54.225352112676056
65.21233275159977
60.68601583113456
67.38095238095238
59.59839357429719
65.03496503496504
62.288930581613506
61.24567474048443
71.47058823529412
66.57223796033995
62.73909716908952
64.1025641025641
64.3598615916955
66.12903225806451
63.02521008403362
60.816944024205746
65.42800265428002
66.80672268907563
64.29512516469038
56.25
66.12685560053981
59.29549902152642
65.81818181818181
63.510848126232744
67.0863309352518
60.0
69.18103448275862
61.82902584493042
61.784511784511785
65.03496503496504
62.0
63.271939328277355
60.90534979423868
63.27433628318584
61.42322097378277
67.14975845410628
63.91509433962264
64.69673405909798
61.29943502824859
59.53488372093023
55.31400966183575
57.779646761984864
63.629893238434164
62.72824919441461
63.16546762589928
66.63834607759841
61.03151862464183
64.35452793834297
64.53488372093024
62.92198581560284
64.27378964941569
58.7527352297593
59.375
60.11450381679389
61.80555555555556
70.18779342723005
60.56910569105691
60.57962858750703
61.37071651090343
59.878419452887535
66.85529506871464
64.73214285714286
67.68149882903981
63.40057636887608
62.84970722186077
59.880239520958085
64.37177280550775
61.409691629955944
64.08787010506208
58.783204798628965
68.1
58.56966707768188
59.004867495943756
57.223001402524545
59.57446808510638
60.5521472392638
63.9
63.32236842105263
63.16742081447964
65.11627906976744
67.09401709401709
66.66666666666667
60.957178841309826
61.919873066243554
57.04225352112676
67.19437115215479
58.79265091863517
60.20806241872562
63.58024691358025
66.45962732919254
59.04761904761905
61.47186147186147
62.254901960784316
68.35699797160244
62.716763005780344
65.68627450980392
66.96306429548564
69.65579710144928
62.158393753485775
62.09740769835035
59.94596420128335
64.36363636363636
69.6911196911197
62.93706293706294
58.13953488372093
62.64140271493213
64.26966292134831
61.78467507274491
62.005457025920876
56.74255691768827
67.54385964912281
64.26174496644295
57.027572293207804
61.43497757847533
62.41776315789474
56.0
64.343163538874
66.97388632872504
64.14686825053995
57.585385226370136
70.4225352112676
66.24129930394432
67.13615023474179
64.1660597232338
56.563453990405584
63.26825741142444
63.64902506963789
61.196736174070715
71.1297071129707
58.13953488372093
62.991573033707866
61.93961573650503
66.006408389164
56.793960923623445
64.40422322775264
67.60847628657922
58.445440956651716
68.00766283524904
62.945914844649025
62.73830155979203
67.5
66.19385342789599
60.38543897216274
63.33113890717577
63.54679802955665
59.134836631385184
58.78378378378378
67.79661016949153
68.23899371069183
67.09219858156028
57.377049180327866
61.46496815286624
65.51724137931035
59.133709981167605
64.70588235294117
69.78527607361963
60.87866108786611
67.07317073170732
64.00230017251293
66.0668380462725
65.0390625
64.4621513944223
63.80165289256198
68.47195357833655
62.30031948881789
61.98830409356725
61.33122028526149
62.22222222222222
61.7157490396927
58.01470588235294
65.02667457024303
64.36285097192224
65.02835538752363
61.904761904761905
57.70519262981575
61.146496815286625
66.89895470383276
61.904761904761905
63.43115124153499
61.66535742340927
70.0
68.65671641791045
59.75
57.99256505576208
63.55555555555556
64.98194945848375
64.10531972058034
62.61510128913444
61.80203045685279
67.46104491292392
65.10500807754443
63.39869281045752
58.53658536585366
66.15384615384616
64.03100775193798
64.03242147923
61.754751366831556
61.48148148148148
62.35897435897436
61.29707112970711
67.53846153846153
62.47191011235955
64.84560570071258
59.375
64.03162055335969
62.055335968379445
63.20147194112236
63.63636363636363
59.411764705882355
60.9375
66.18705035971223
59.701492537313435
61.61725067385445
62.77777777777778
70.17543859649123
67.75114155251141
61.627906976744185
60.40587219343696
65.65656565656566
65.86402266288952
64.65155331654073
67.43002544529261
61.691542288557216
66.59919028340082
62.24188790560472
60.12012012012012
60.4253112033195
66.64652567975831
64.13301662707839
66.6
66.15853658536585
63.56020942408377
66.61596958174906
61.875
62.05936920222634
64.88888888888889
63.68421052631579
64.68253968253968
61.45952109464082
59.60028551034975
64.40397350993378
54.8780487804878
58.611481975967955
63.91129032258065
67.17948717948718
48.275862068965516
55.69007263922518
70.81659973226239
60.0
61.169415292353825
64.98287671232876
63.10555020853385
67.0
62.27728285077951
59.59795033504139
64.0909090909091
64.73317865429235
63.632496809868144
59.909909909909906
66.62337662337663
61.326259946949605
61.74785100286533
63.76192042091417
56.76126878130217
57.81399808245446
61.06531388712746
60.578947368421055
63.059701492537314
65.6195462478185
61.395856052344605
69.92481203007519
62.10191082802548
61.172161172161175
63.86010362694301
66.79389312977099
64.19354838709677
61.631419939577036
65.67164179104478
70.90301003344482
66.796875
68.48056537102474
66.28086419753086
65.21739130434783
62.171052631578945
70.9090909090909
64.56876456876456
58.70206489675516
62.89237668161435
60.480349344978166
61.666666666666664
56.22489959839358
65.67120047309284
65.16556291390728
67.02412868632707
59.13555992141454
64.86486486486487
62.850467289719624
62.765957446808514
61.78861788617886
64.36107854630716
62.758620689655174
63.8
66.42268984446477
59.5959595959596
63.07053941908714
62.987588652482266
58.28596414516834
61.23076923076923
60.72961373390558
63.12849162011173
62.88515406162465
64.02116402116403
69.08797417271994
55.60109289617486
70.34700315457414
60.49230769230769
67.40331491712708
62.857142857142854
62.549277266754274
61.45454545454545
67.72486772486772
67.70293609671847
59.754224270353305
62.25728155339806
70.06802721088435
62.09553158705701
69.16221033868092
64.90340386384544
66.46586345381526
66.26506024096386
63.577023498694516
72.67441860465117
69.0102120974077
63.39622641509434
60.633484162895925
63.02278627055091
58.34384195039933
69.84126984126983
68.36879432624113
66.66666666666667
60.32967032967033
55.509065550906556
63.30935251798561
53.200883002207505
63.29479768786127
64.08839779005525
66.29834254143647
64.68378209142142
67.02663786897048
70.0
62.5
67.5
59.876543209876544
62.8211116300794
59.7741707833451
66.11570247933884
60.122699386503065
58.8126159554731
58.894878706199464
62.622950819672134
71.53583617747441
60.10362694300518
59.04255319148936
65.05190311418686
62.35294117647059
65.78073089700996
64.26735218508998
69.4017094017094
66.66666666666667
67.17245404143566
58.94179894179894
59.68194574368569
61.95190947666195
62.90909090909091
64.52905811623246
63.783346806790625
60.416666666666664
60.512129380053906
65.38461538461539
61.76100628930818
64.96815286624204
63.56801093643199
66.7910447761194
60.43058648849295
58.309037900874635
61.53846153846154
62.480376766091055
65.22366522366522
62.20806794055202
66.7786487495334
63.81118881118881
62.98600311041991
55.81395348837209
65.36458333333333
63.69047619047619
59.66542750929368
62.64150943396226
61.117287381878825
62.177470106985524
58.53658536585366
65.88235294117646
60.05540166204986
56.85950413223141
63.28125
50.93167701863354
58.59872611464968
65.15957446808511
61.98275862068966
65.625
67.73648648648648
64.36781609195403
66.14699331848553
63.646055437100216
69.6875
59.40766550522648
65.44117647058823
62.925170068027214
61.85133239831697
61.211673439231625
62.01550387596899
64.58333333333333
67.11409395973155
51.64835164835165
63.25878594249201
68.33976833976834
63.36515513126491
64.51612903225806
64.14653156664069
61.27946127946128
58.7390263367917
68.46153846153847
62.10640608034745
61.791044776119406
63.81578947368421
58.30324909747292
67.86961583236321
62.66205704407952
60.90775988286969
62.857142857142854
56.30252100840336
61.685055165496486
64.37699680511182
63.681592039801
62.653003131226875
64.88970588235294
62.7027027027027
67.38095238095238
64.49760765550239
68.47826086956522
62.12278876170656
63.503649635036496
55.542590431738624
63.960396039603964
63.34586466165413
66.66666666666667
63.751763046544426
67.14801444043322
61.550632911392405
62.42020538440189
62.08955223880597
59.09090909090909
64.65721040189125
64.08185245018848
60.887822435512895
65.0
64.54293628808864
60.210210210210214
60.821917808219176
66.56716417910448
63.10679611650485
62.93706293706294
65.82512315270937
62.18637992831541
64.60032626427406
58.13953488372093
65.48672566371681
66.26865671641791
68.17375886524823
61.785356068204614
57.344398340248965
63.665594855305464
64.84848484848484
63.892013498312714
59.48733058338244
63.097199341021415
62.72189349112426
61.56583629893238
65.5884995507637
58.110882956878854
61.8860510805501
70.38461538461539
61.18980169971671
60.99210822998872
61.19402985074627
64.85355648535565
63.77816291161179
63.67504835589942
62.63086026399636
61.80836707152497
55.4054054054054
65.06550218340611
60.13215859030837
69.6319018404908
62.52072968490879
61.056105610561055
59.73053892215569
63.61940298507463
62.42544731610338
65.77847439916405
56.640625
61.300813008130085
60.85043988269795
65.1890482398957
61.21530382595649
60.37195994277539
63.231197771587745
62.535477767265846
61.62260711030082
59.27189988623436
60.22099447513812
62.83185840707964
62.97539149888143
64.27622841965471
71.66361974405851
63.84976525821596
64.91966335118592
63.45514950166113
64.2570281124498
62.18375499334221
57.69230769230769
58.737864077669904
64.5
64.1891891891892
59.13570887035633
69.71326164874552
61.51658767772512
62.46056782334385
62.135614702154626
62.850971922246224
68.0672268907563
61.348897535667966
63.64551863041289
64.36781609195403
63.36206896551724
59.195402298850574
58.659450457951706
62.00345423143351
61.576354679802954
68.82022471910112
61.73044925124792
62.74089935760171
66.04181687094449
59.41536369816451
63.017031630170315
59.919571045576404
68.04915514592933
62.878787878787875
64.4308943089431
58.44155844155844
60.74766355140187
62.35541535226078
64.60176991150442
62.45674740484429
66.90777576853526
66.5118978525827
58.50540806293019
64.58333333333333
62.613690761129725
63.08411214953271
63.22418136020151
63.481953290870486
64.96212121212122
65.34954407294833
66.40237859266601
62.56544502617801
61.29032258064516
64.03225806451613
61.021109474717726
66.40776699029126
62.119366626065776
65.58441558441558
62.19839142091153
60.273972602739725
66.07142857142857
61.576354679802954
60.108695652173914
62.93706293706294
66.02440590879897
66.15384615384616
66.66666666666667
67.76119402985074
58.95522388059702
59.05072126570498
57.69656699889258
65.47052361772245
57.51633986928105
63.27272727272727
66.66666666666667
57.044673539518904
63.22147651006711
59.672762271414825
60.60037523452158
60.946745562130175
62.64501160092807
64.274322169059
64.83253588516746
63.59193646915089
66.24348958333333
63.41463414634146
64.54044650623369
63.7434554973822
60.526315789473685
57.69230769230769
59.89208633093525
59.65109735509285
58.157554885923375
58.224794983116254
62.947189097103916
61.94895591647332
60.23890784982935
68.7378640776699
63.02003081664098
62.316602316602314
61.54891304347826
56.023651145602365
67.96116504854369
63.7593984962406
59.189189189189186
60.26143790849673
62.05357142857143
65.08728179551122
56.84931506849315
66.53333333333333
63.44767944652638
62.275449101796404
63.1578947368421
65.37290715372907
64.42831215970962
62.52427184466019
62.11812627291243
64.11483253588517
62.87025448477263
63.12977099236641
65.27050610820244
63.793103448275865
59.53757225433526
60.18099547511312
60.36161335187761
62.53822629969419
62.22222222222222
65.67688378033206
60.622914349276975
69.40509915014164
69.54314720812182
69.08713692946058
63.17204301075269
62.131519274376416
60.24340770791075
63.265306122448976
61.958997722095674
63.20754716981132
60.450160771704184
59.80582524271845
70.06369426751593
52.26063829787234
61.75710594315245
65.6367041198502
66.97892271662764
61.00861008610086
63.18537859007833
64.89151873767258
60.65891472868217
62.13592233009709
59.60163432073544
65.8473105841527
63.02708740575258
63.6
56.766917293233085
62.98932384341637
64.97409326424871
63.752276867030965
65.24725274725274
55.19125683060109
63.05927342256214
60.70038910505836
65.4178674351585
66.69675090252707
69.36936936936937
64.73072861668426
64.48412698412699
69.83894582723279
63.983050847457626
66.07929515418502
63.42710997442455
60.426008968609864
66.66666666666667
62.994542974079124
60.0
60.97560975609756
63.297872340425535
68.82239382239382
59.067357512953365
55.341144038594074
59.600997506234414
65.4810298102981
65.56473829201101
64.47254958321356
59.22509225092251
64.27289048473968
60.11904761904762
60.80375782881002
63.52785145888594
68.37209302325581
70.52401746724891
58.864751226348986
63.38535414165666
58.19209039548023
59.72073039742212
64.4524236983842
60.96537250786989
63.43825665859564
60.270880361173816
60.665658093797276
67.56756756756756
66.94214876033058
56.09037328094303
67.20430107526882
64.25438596491227
60.64235166031573
67.19437115215479
58.8235294117647
64.95726495726495
63.510848126232744
58.152958152958156
61.333333333333336
62.00787401574803
61.157407407407405
62.291666666666664
58.723747980613894
59.40766550522648
69.51754385964912
68.97321428571429
66.88372093023256
60.56644880174292
59.35023771790808
62.96296296296296
61.9102416570771
61.40425531914894
60.01926782273603
65.4296875
60.0723763570567
61.46435452793834
61.224489795918366
69.13265306122449
57.709251101321584
64.03326403326403
66.69699727024567
64.40849342770476
62.205424633170296
57.719298245614034
60.48284625158831
59.68
64.05867970660147
57.12418300653595
66.3760896637609
63.38147833474936
67.46031746031746
71.23015873015873
57.57575757575758
61.53846153846154
70.37037037037037
59.37136204889406
62.358276643990926
66.86390532544378
68.62244897959184
64.55696202531645
62.82051282051282
63.68821292775665
61.75462645647704
67.55319148936171
66.81922196796339
58.529688972667294
66.61585365853658
62.851782363977485
64.77777777777777
63.50093109869646
62.10268948655257
59.33250927070458
64.79118329466357
63.344051446945336
62.437185929648244
60.264900662251655
64.97005988023952
63.423645320197046
68.09160305343511
63.105507631055076
72.8476821192053
62.30432060112712
64.70588235294117
64.08450704225352
66.47398843930635
63.333333333333336
63.80597014925373
67.1875
64.19902912621359
59.9537037037037
68.22157434402332
62.697784810126585
61.06983655274889
60.154738878143135
66.2251655629139
61.12266112266112
62.52880184331797
64.70588235294117
61.47186147186147
64.13373860182371
68.11369509043928
57.367149758454104
63.503649635036496
66.75712347354138
61.79966044142615
62.58278145695364
64.62585034013605
62.76150627615063
69.38202247191012
59.41422594142259
65.1685393258427
60.24844720496895
63.06420851875397
69.14119359534207
60.0
62.22222222222222
58.44155844155844
60.17569546120058
66.0
48.648648648648646
61.18554608201381
64.55445544554455
66.95059625212947
61.53846153846154
61.55172413793103
62.95133437990581
63.372093023255815
66.45702306079664
66.79035250463822
64.50048496605238
63.81182147165259
60.520094562647756
67.75510204081633
53.14685314685315
61.46788990825688
60.33653846153846
66.89549961861175
61.255873558308416
63.66090712742981
46.6804979253112
60.264900662251655
63.292682926829265
65.36585365853658
65.64885496183206
57.4792243767313
58.651026392961874
60.25547445255474
59.93311036789298
61.05263157894737
62.21248630887185
63.092046470062556
64.37875751503006
64.14909269249632
70.82630691399663
60.0
62.96296296296296
63.096774193548384
58.63636363636363
60.11904761904762
60.4746317512275
58.844133099824866
61.329305135951664
62.857142857142854
66.59836065573771
62.60069044879172
62.88416075650118
61.62162162162162
64.20454545454545
64.02173913043478
58.06878306878307
59.96376811594203
68.0695847362514
60.12658227848101
61.11524163568773
64.6078431372549
61.646803900325025
67.8391959798995
65.07633587786259
65.75342465753425
64.41018766756032
63.32695984703633
65.19823788546256
62.1031746031746
63.863822805578344
58.71335504885994
64.69555035128806
64.55696202531645
61.386138613861384
68.18980667838314
61.659046374918354
65.75342465753425
62.34887737478411
68.54395604395604
68.22742474916387
64.86033519553072
58.49673202614379
64.5
63.9948564080583
58.638743455497384
61.015490533562826
65.68083795440542
63.793103448275865
59.56521739130435
65.35580524344569
62.73620559334845
67.32142857142857
63.43490304709141
62.0
62.22455403987408
61.736334405144696
69.61206896551724
66.66666666666667
69.6969696969697
57.64984227129337
62.45954692556634
64.6376811594203
61.06666666666667
64.17508417508418
66.47230320699708
59.48275862068966
61.83098591549296
66.66666666666667
60.42638241172552
61.18012422360248
63.01546391752577
62.8428927680798
63.804713804713806
60.20518358531317
65.44117647058823
63.93110435663627
64.45880452342487
61.46953405017921
58.06193272824346
56.88073394495413
56.373056994818654
61.225364181662385
58.8235294117647
63.93188854489164
62.900683131897004
67.67241379310344
53.58255451713396
62.64150943396226
65.1270207852194
60.73147256977863
56.08040201005025
60.84788029925187
60.14405762304922
70.94594594594595
65.1105651105651
66.79389312977099
67.78378378378379
63.40100029420418
65.05312868949233
62.89954337899543
63.18407960199005
64.77732793522267
64.51977401129943
56.67726550079491
63.466915191053126
65.21739130434783
59.142857142857146
61.61228406909789
55.0
66.11464968152866
64.42953020134229
66.86336813436223
56.18860510805501
59.58005249343832
63.75921375921376
64.12213740458016
68.56240126382306
62.97709923664122
67.9343128781331
65.20723876240514
64.68646864686468
66.88034188034187
67.9054054054054
62.765957446808514
61.63934426229508
60.069044879171464
58.67237687366167
61.75373134328358
57.03703703703704
62.602365787079165
65.54307116104869
61.47186147186147
58.90909090909091
57.67790262172284
64.76014760147602
68.95674300254453
60.29889538661468
56.17003714403632
66.57303370786516
69.75308641975309
60.4746317512275
62.719298245614034
59.523809523809526
62.16768916155419
68.05555555555556
61.0973597359736
61.93467336683417
62.65432098765432
60.8974358974359
69.94219653179191
67.62376237623762
66.18962432915922
62.755102040816325
62.33766233766234
67.29120355668466
66.43258426966293
63.843813387423936
62.185534591194966
61.51685393258427
55.77395577395578
63.58024691358025
67.41573033707866
61.61879895561358
59.49519230769231
67.3913043478261
65.48042704626334
65.60509554140127
62.56627783669141
61.077389984825494
64.25591098748261
57.769423558897245
65.85365853658537
62.480376766091055
65.78327444051826
60.46511627906977
62.10268948655257
56.44760213143872
58.37479270315091
63.843888070692195
67.64044943820225
59.34065934065934
60.45487894350697
61.091753774680605
68.0
61.5819209039548
63.83442265795207
62.4384236453202
58.27612509534706
60.714285714285715
63.67713004484305
62.48477466504263
67.42596810933941
68.18596171376481
64.77732793522267
65.91549295774648
62.936344969199176
66.34920634920636
64.26332288401254
60.08676789587852
63.1432545201669
65.57734204793029
65.56991774383079
64.40972222222223
64.86902927580894
65.79925650557621
62.109375
62.130937098844676
59.88286969253294
66.05222734254993
64.04341926729987
63.894523326572006
61.22994652406417
77.20588235294117
58.383233532934135
67.74736842105263
65.90330788804071
57.55355129650507
57.21153846153846
59.617947578853844
56.54761904761905
65.77319587628865
66.41791044776119
61.423550087873465
59.95575221238938
61.34699853587116
54.95049504950495
62.15469613259668
64.03712296983758
62.725450901803605
66.17647058823529
56.92307692307692
63.41463414634146
61.40724946695096
63.58148893360161
60.824742268041234
66.06786427145708
64.39290586630287
68.29843703922147
63.788300835654596
62.67369429803546
61.84538653366584
63.78048780487805
63.0
65.76923076923077
63.064295485636116
59.598853868194844
59.28237129485179
60.79734219269103
55.58678847505271
65.78947368421052
61.92307692307692
63.16818774445893
63.022113022113025
62.37244897959184
63.59649122807018
46.666666666666664
60.0
67.54966887417218
49.21465968586387
61.16974494283201
66.81614349775785
50.77720207253886
65.5011655011655
63.57827476038339
61.607142857142854
60.932944606414
65.97938144329896
65.84673604541155
68.46011131725417
65.35600425079703
58.67768595041322
61.64931945556445
63.12849162011173
66.80161943319838
69.31216931216932
65.88652482269504
66.43768400392541
64.71471471471472
67.31843575418995
61.489088575096275
70.2153110047847
60.984848484848484
50.21459227467811
59.872922776148584
65.67481402763018
60.10733452593918
57.83633841886269
59.26966292134831
59.08521303258146
65.41471048513301
68.28282828282828
64.68646864686468
60.0
60.51779935275081
65.47619047619048
62.84829721362229
62.945736434108525
64.54352441613588
65.23297491039426
62.793821356615176
63.080684596577015
60.57692307692308
66.61654135338345
53.42465753424658
66.72158154859967
66.89536878216124
63.42957130358705
63.54838709677419
66.33999246136449
61.12852664576803
60.154602951510896
66.23616236162361
55.94405594405595
64.97754971135343
61.8705035971223
54.19847328244275
63.24324324324324
64.40306681270536
67.31470230862698
65.04065040650407
62.053188447240494
66.15384615384616
69.56521739130434
64.02173913043478
65.26946107784431
63.43669250645995
62.638888888888886
68.27586206896552
61.855670103092784
67.27272727272727
58.95096921322691
67.6470588235294
64.4776119402985
64.54258675078864
64.61916461916462
61.72566371681416
59.37829293993678
65.12890094979647
64.00911161731207
66.8997668997669
65.29680365296804
66.58767772511848
60.689655172413794
62.765957446808514
65.03667481662592
60.8
63.45454545454545
64.24581005586592
63.18537859007833
60.62846580406654
53.84615384615385
61.829268292682926
53.88198757763975
63.060330299966296
60.24096385542169
61.067005398539216
67.10454296661193
66.68861092824227
68.38487972508591
63.06306306306306
62.683284457478
63.80952380952381
65.69037656903765
67.6470588235294
67.96690307328605
64.61086637298091
64.81665014866203
63.36996336996337
57.43073047858942
62.17277486910995
63.2952691680261
58.60058309037901
61.49694134580785
60.75
65.45454545454545
56.25625625625626
60.986117759693634
58.79505110274341
64.0552995391705
59.271523178807946
61.117196056955095
65.9090909090909
64.69221835075494
64.76190476190476
66.13756613756614
55.62724014336918
63.53211009174312
59.7444089456869
64.22764227642277
64.0
62.93604651162791
68.51851851851852
60.57906458797327
56.14035087719298
62.142857142857146
59.73597359735974
58.93719806763285
61.734693877551024
58.22622107969152
57.491289198606275
64.45086705202313
61.04651162790697
61.38211382113821
56.50887573964497
61.8364418938307
67.31391585760518
66.57303370786516
66.11842105263158
61.52073732718894
60.66134549600912
67.8192296026691
63.36405529953917
64.59802538787024
63.768115942028984
56.92391899288451
62.66375545851528
57.47836835599506
60.96491228070175
62.9222972972973
61.92170818505338
60.784867306606436
57.757009345794394
64.93506493506493
66.12903225806451
61.16838487972509
57.61689291101056
63.51888667992048
61.477987421383645
64.65696465696466
61.51960784313726
65.91115140525838
57.340025094102884
62.78735632183908
60.0
69.60132890365449
60.03861003861004
60.17316017316017
60.130718954248366
68.7875150060024
65.42443064182194
58.13953488372093
58.862876254180605
56.918238993710695
62.549277266754274
63.544018058690746
64.29298067141404
59.54519932622122
67.44680851063829
60.86508753861998
68.52791878172589
54.83870967741935
61.74863387978142
61.28654970760234
62.62359920896506
58.590308370044056
57.83393501805054
57.05882352941177
65.70743405275779
62.282091917591124
63.243761996161226
57.90816326530612
64.29240862230553
60.04424778761062
50.51020408163265
64.93775933609959
63.72121966397013
65.04961411245866
56.93069306930693
62.25207933461292
56.8075117370892
66.37478108581436
63.1578947368421
61.81139122315593
60.16949152542373
68.23308270676692
67.26251276813075
61.84262554369316
60.476190476190474
65.929203539823
67.41935483870968
59.858442871587464
66.01466992665037
67.20647773279352
65.7672849915683
62.34458259325044
61.986301369863014
67.1875
65.20270270270271
63.349514563106794
64.08619313647246
61.71617161716171
62.17616580310881
66.43026004728132
62.606473594548554
65.15664690939882
64.53674121405751
66.21621621621621
